{
    "rand_seed": 42,
    "camera_angle_x": 1.5707963267948966,
    "aabb_scale": 16,
    "frames": [
        {
            "transform_matrix": [
                [
                    0.11289411783218384,
                    -0.3666893541812897,
                    0.9234684109687805,
                    3.7226197719573975
                ],
                [
                    0.9936069250106812,
                    0.041663434356451035,
                    -0.10492495447397232,
                    -0.42296597361564636
                ],
                [
                    -3.7252896323280993e-09,
                    0.9294099807739258,
                    0.36904874444007874,
                    1.4876829385757446
                ],
                [
                    0.0,
                    0.0,
                    0.0,
                    1.0
                ]
            ],
            "view_index": 0,
            "time_index": null,
            "local_position": [
                37.226197719573975,
                4.229659736156464,
                14.876829385757446
            ],
            "global_position": [
                128.72619771957397,
                203.42965973615645,
                15.376829385757446
            ],
            "opencv_transform_matrix": [
                [
                    400.00000000000006,
                    0.0,
                    400.0
                ],
                [
                    0.0,
                    400.00000000000006,
                    400.0
                ],
                [
                    0.0,
                    0.0,
                    1.0
                ]
            ],
            "file_path": "../carla_intersection_no-actor_scale-10.0/train/cam-0_frame-002888.jpg",
            "scene_id": 0
        },
        {
            "transform_matrix": [
                [
                    0.11289411783218384,
                    -0.3666893541812897,
                    0.9234684109687805,
                    3.7226197719573975
                ],
                [
                    0.9936069250106812,
                    0.041663434356451035,
                    -0.10492495447397232,
                    -0.42296597361564636
                ],
                [
                    -3.7252896323280993e-09,
                    0.9294099807739258,
                    0.36904874444007874,
                    1.4876829385757446
                ],
                [
                    0.0,
                    0.0,
                    0.0,
                    1.0
                ]
            ],
            "view_index": 0,
            "time_index": null,
            "local_position": [
                37.226197719573975,
                4.229659736156464,
                14.876829385757446
            ],
            "global_position": [
                128.72619771957397,
                203.42965973615645,
                15.376829385757446
            ],
            "opencv_transform_matrix": [
                [
                    400.00000000000006,
                    0.0,
                    400.0
                ],
                [
                    0.0,
                    400.00000000000006,
                    400.0
                ],
                [
                    0.0,
                    0.0,
                    1.0
                ]
            ],
            "file_path": "../carla_intersection_yes-actor_scale-10.0/train/cam-0_frame-002843.jpg",
            "scene_id": 1
        },
        {
            "transform_matrix": [
                [
                    -0.5569043159484863,
                    0.26361629366874695,
                    -0.7876318693161011,
                    -3.175045967102051
                ],
                [
                    -0.8305767178535461,
                    -0.17675554752349854,
                    0.528109610080719,
                    2.128878116607666
                ],
                [
                    0.0,
                    0.9482952356338501,
                    0.31738942861557007,
                    1.279437780380249
                ],
                [
                    0.0,
                    0.0,
                    0.0,
                    1.0
                ]
            ],
            "view_index": 1,
            "time_index": null,
            "local_position": [
                -31.750459671020508,
                -21.28878116607666,
                12.79437780380249
            ],
            "global_position": [
                59.74954032897949,
                177.91121883392333,
                13.29437780380249
            ],
            "opencv_transform_matrix": [
                [
                    400.00000000000006,
                    0.0,
                    400.0
                ],
                [
                    0.0,
                    400.00000000000006,
                    400.0
                ],
                [
                    0.0,
                    0.0,
                    1.0
                ]
            ],
            "file_path": "../carla_intersection_no-actor_scale-10.0/train/cam-1_frame-002889.jpg",
            "scene_id": 0
        },
        {
            "transform_matrix": [
                [
                    -0.5569043159484863,
                    0.26361629366874695,
                    -0.7876318693161011,
                    -3.175045967102051
                ],
                [
                    -0.8305767178535461,
                    -0.17675554752349854,
                    0.528109610080719,
                    2.128878116607666
                ],
                [
                    0.0,
                    0.9482952356338501,
                    0.31738942861557007,
                    1.279437780380249
                ],
                [
                    0.0,
                    0.0,
                    0.0,
                    1.0
                ]
            ],
            "view_index": 1,
            "time_index": null,
            "local_position": [
                -31.750459671020508,
                -21.28878116607666,
                12.79437780380249
            ],
            "global_position": [
                59.74954032897949,
                177.91121883392333,
                13.29437780380249
            ],
            "opencv_transform_matrix": [
                [
                    400.00000000000006,
                    0.0,
                    400.0
                ],
                [
                    0.0,
                    400.00000000000006,
                    400.0
                ],
                [
                    0.0,
                    0.0,
                    1.0
                ]
            ],
            "file_path": "../carla_intersection_yes-actor_scale-10.0/train/cam-1_frame-002844.jpg",
            "scene_id": 1
        },
        {
            "transform_matrix": [
                [
                    0.8048792481422424,
                    -0.5548838376998901,
                    0.21041230857372284,
                    0.848199188709259
                ],
                [
                    0.5934386253356934,
                    0.7525875568389893,
                    -0.2853816747665405,
                    -1.1504104137420654
                ],
                [
                    0.0,
                    0.35456451773643494,
                    0.9350314140319824,
                    3.7692325115203857
                ],
                [
                    0.0,
                    0.0,
                    0.0,
                    1.0
                ]
            ],
            "view_index": 2,
            "time_index": null,
            "local_position": [
                8.48199188709259,
                11.504104137420654,
                37.69232511520386
            ],
            "global_position": [
                99.98199188709259,
                210.70410413742064,
                38.19232511520386
            ],
            "opencv_transform_matrix": [
                [
                    400.00000000000006,
                    0.0,
                    400.0
                ],
                [
                    0.0,
                    400.00000000000006,
                    400.0
                ],
                [
                    0.0,
                    0.0,
                    1.0
                ]
            ],
            "file_path": "../carla_intersection_no-actor_scale-10.0/train/cam-2_frame-002890.jpg",
            "scene_id": 0
        },
        {
            "transform_matrix": [
                [
                    0.8048792481422424,
                    -0.5548838376998901,
                    0.21041230857372284,
                    0.848199188709259
                ],
                [
                    0.5934386253356934,
                    0.7525875568389893,
                    -0.2853816747665405,
                    -1.1504104137420654
                ],
                [
                    0.0,
                    0.35456451773643494,
                    0.9350314140319824,
                    3.7692325115203857
                ],
                [
                    0.0,
                    0.0,
                    0.0,
                    1.0
                ]
            ],
            "view_index": 2,
            "time_index": null,
            "local_position": [
                8.48199188709259,
                11.504104137420654,
                37.69232511520386
            ],
            "global_position": [
                99.98199188709259,
                210.70410413742064,
                38.19232511520386
            ],
            "opencv_transform_matrix": [
                [
                    400.00000000000006,
                    0.0,
                    400.0
                ],
                [
                    0.0,
                    400.00000000000006,
                    400.0
                ],
                [
                    0.0,
                    0.0,
                    1.0
                ]
            ],
            "file_path": "../carla_intersection_yes-actor_scale-10.0/train/cam-2_frame-002845.jpg",
            "scene_id": 1
        },
        {
            "transform_matrix": [
                [
                    -0.9821809530258179,
                    -0.0988018587231636,
                    0.15987102687358856,
                    0.6444607973098755
                ],
                [
                    0.1879376620054245,
                    -0.5163483619689941,
                    0.8355019688606262,
                    3.368016481399536
                ],
                [
                    0.0,
                    0.8506599068641663,
                    0.5257161259651184,
                    2.119229793548584
                ],
                [
                    0.0,
                    0.0,
                    0.0,
                    1.0
                ]
            ],
            "view_index": 3,
            "time_index": null,
            "local_position": [
                6.444607973098755,
                -33.68016481399536,
                21.19229793548584
            ],
            "global_position": [
                97.94460797309875,
                165.51983518600463,
                21.69229793548584
            ],
            "opencv_transform_matrix": [
                [
                    400.00000000000006,
                    0.0,
                    400.0
                ],
                [
                    0.0,
                    400.00000000000006,
                    400.0
                ],
                [
                    0.0,
                    0.0,
                    1.0
                ]
            ],
            "file_path": "../carla_intersection_no-actor_scale-10.0/train/cam-3_frame-002891.jpg",
            "scene_id": 0
        },
        {
            "transform_matrix": [
                [
                    -0.9821809530258179,
                    -0.0988018587231636,
                    0.15987102687358856,
                    0.6444607973098755
                ],
                [
                    0.1879376620054245,
                    -0.5163483619689941,
                    0.8355019688606262,
                    3.368016481399536
                ],
                [
                    0.0,
                    0.8506599068641663,
                    0.5257161259651184,
                    2.119229793548584
                ],
                [
                    0.0,
                    0.0,
                    0.0,
                    1.0
                ]
            ],
            "view_index": 3,
            "time_index": null,
            "local_position": [
                6.444607973098755,
                -33.68016481399536,
                21.19229793548584
            ],
            "global_position": [
                97.94460797309875,
                165.51983518600463,
                21.69229793548584
            ],
            "opencv_transform_matrix": [
                [
                    400.00000000000006,
                    0.0,
                    400.0
                ],
                [
                    0.0,
                    400.00000000000006,
                    400.0
                ],
                [
                    0.0,
                    0.0,
                    1.0
                ]
            ],
            "file_path": "../carla_intersection_yes-actor_scale-10.0/train/cam-3_frame-002846.jpg",
            "scene_id": 1
        },
        {
            "transform_matrix": [
                [
                    -0.415376216173172,
                    0.6844187378883362,
                    -0.5991941094398499,
                    -2.415428638458252
                ],
                [
                    -0.9096497297286987,
                    -0.3125282824039459,
                    0.2736118733882904,
                    1.1029647588729858
                ],
                [
                    -1.4901161193847656e-08,
                    0.6587086915969849,
                    0.7523981332778931,
                    3.0330138206481934
                ],
                [
                    0.0,
                    0.0,
                    0.0,
                    1.0
                ]
            ],
            "view_index": 4,
            "time_index": null,
            "local_position": [
                -24.15428638458252,
                -11.029647588729858,
                30.330138206481934
            ],
            "global_position": [
                67.34571361541748,
                188.17035241127013,
                30.830138206481934
            ],
            "opencv_transform_matrix": [
                [
                    400.00000000000006,
                    0.0,
                    400.0
                ],
                [
                    0.0,
                    400.00000000000006,
                    400.0
                ],
                [
                    0.0,
                    0.0,
                    1.0
                ]
            ],
            "file_path": "../carla_intersection_no-actor_scale-10.0/train/cam-4_frame-002892.jpg",
            "scene_id": 0
        },
        {
            "transform_matrix": [
                [
                    -0.415376216173172,
                    0.6844187378883362,
                    -0.5991941094398499,
                    -2.415428638458252
                ],
                [
                    -0.9096497297286987,
                    -0.3125282824039459,
                    0.2736118733882904,
                    1.1029647588729858
                ],
                [
                    -1.4901161193847656e-08,
                    0.6587086915969849,
                    0.7523981332778931,
                    3.0330138206481934
                ],
                [
                    0.0,
                    0.0,
                    0.0,
                    1.0
                ]
            ],
            "view_index": 4,
            "time_index": null,
            "local_position": [
                -24.15428638458252,
                -11.029647588729858,
                30.330138206481934
            ],
            "global_position": [
                67.34571361541748,
                188.17035241127013,
                30.830138206481934
            ],
            "opencv_transform_matrix": [
                [
                    400.00000000000006,
                    0.0,
                    400.0
                ],
                [
                    0.0,
                    400.00000000000006,
                    400.0
                ],
                [
                    0.0,
                    0.0,
                    1.0
                ]
            ],
            "file_path": "../carla_intersection_yes-actor_scale-10.0/train/cam-4_frame-002847.jpg",
            "scene_id": 1
        },
        {
            "transform_matrix": [
                [
                    0.9879266023635864,
                    -0.11221104115247726,
                    0.10681621730327606,
                    0.4305899441242218
                ],
                [
                    0.15492261946201324,
                    0.7155590057373047,
                    -0.6811566948890686,
                    -2.745830535888672
                ],
                [
                    -7.4505797087454084e-09,
                    0.6894810795783997,
                    0.7243037223815918,
                    2.9197616577148438
                ],
                [
                    0.0,
                    0.0,
                    0.0,
                    1.0
                ]
            ],
            "view_index": 5,
            "time_index": null,
            "local_position": [
                4.305899441242218,
                27.45830535888672,
                29.197616577148438
            ],
            "global_position": [
                95.80589944124222,
                226.6583053588867,
                29.697616577148438
            ],
            "opencv_transform_matrix": [
                [
                    400.00000000000006,
                    0.0,
                    400.0
                ],
                [
                    0.0,
                    400.00000000000006,
                    400.0
                ],
                [
                    0.0,
                    0.0,
                    1.0
                ]
            ],
            "file_path": "../carla_intersection_no-actor_scale-10.0/train/cam-5_frame-002893.jpg",
            "scene_id": 0
        },
        {
            "transform_matrix": [
                [
                    0.9879266023635864,
                    -0.11221104115247726,
                    0.10681621730327606,
                    0.4305899441242218
                ],
                [
                    0.15492261946201324,
                    0.7155590057373047,
                    -0.6811566948890686,
                    -2.745830535888672
                ],
                [
                    -7.4505797087454084e-09,
                    0.6894810795783997,
                    0.7243037223815918,
                    2.9197616577148438
                ],
                [
                    0.0,
                    0.0,
                    0.0,
                    1.0
                ]
            ],
            "view_index": 5,
            "time_index": null,
            "local_position": [
                4.305899441242218,
                27.45830535888672,
                29.197616577148438
            ],
            "global_position": [
                95.80589944124222,
                226.6583053588867,
                29.697616577148438
            ],
            "opencv_transform_matrix": [
                [
                    400.00000000000006,
                    0.0,
                    400.0
                ],
                [
                    0.0,
                    400.00000000000006,
                    400.0
                ],
                [
                    0.0,
                    0.0,
                    1.0
                ]
            ],
            "file_path": "../carla_intersection_yes-actor_scale-10.0/train/cam-5_frame-002848.jpg",
            "scene_id": 1
        },
        {
            "transform_matrix": [
                [
                    0.7630401849746704,
                    -0.16671933233737946,
                    0.6244792342185974,
                    2.5173559188842773
                ],
                [
                    0.6463509798049927,
                    0.19681808352470398,
                    -0.7372198700904846,
                    -2.971827983856201
                ],
                [
                    -7.450580152834618e-09,
                    0.9661610722541809,
                    0.2579393684864044,
                    1.039786696434021
                ],
                [
                    0.0,
                    0.0,
                    0.0,
                    1.0
                ]
            ],
            "view_index": 6,
            "time_index": null,
            "local_position": [
                25.173559188842773,
                29.71827983856201,
                10.39786696434021
            ],
            "global_position": [
                116.67355918884277,
                228.918279838562,
                10.89786696434021
            ],
            "opencv_transform_matrix": [
                [
                    400.00000000000006,
                    0.0,
                    400.0
                ],
                [
                    0.0,
                    400.00000000000006,
                    400.0
                ],
                [
                    0.0,
                    0.0,
                    1.0
                ]
            ],
            "file_path": "../carla_intersection_no-actor_scale-10.0/train/cam-6_frame-002894.jpg",
            "scene_id": 0
        },
        {
            "transform_matrix": [
                [
                    0.7630401849746704,
                    -0.16671933233737946,
                    0.6244792342185974,
                    2.5173559188842773
                ],
                [
                    0.6463509798049927,
                    0.19681808352470398,
                    -0.7372198700904846,
                    -2.971827983856201
                ],
                [
                    -7.450580152834618e-09,
                    0.9661610722541809,
                    0.2579393684864044,
                    1.039786696434021
                ],
                [
                    0.0,
                    0.0,
                    0.0,
                    1.0
                ]
            ],
            "view_index": 6,
            "time_index": null,
            "local_position": [
                25.173559188842773,
                29.71827983856201,
                10.39786696434021
            ],
            "global_position": [
                116.67355918884277,
                228.918279838562,
                10.89786696434021
            ],
            "opencv_transform_matrix": [
                [
                    400.00000000000006,
                    0.0,
                    400.0
                ],
                [
                    0.0,
                    400.00000000000006,
                    400.0
                ],
                [
                    0.0,
                    0.0,
                    1.0
                ]
            ],
            "file_path": "../carla_intersection_yes-actor_scale-10.0/train/cam-6_frame-002849.jpg",
            "scene_id": 1
        },
        {
            "transform_matrix": [
                [
                    0.6677061319351196,
                    0.5965754389762878,
                    -0.44527101516723633,
                    -1.7949448823928833
                ],
                [
                    -0.7444249391555786,
                    0.5350936651229858,
                    -0.3993823528289795,
                    -1.609961748123169
                ],
                [
                    0.0,
                    0.5981408953666687,
                    0.8013909459114075,
                    3.2305102348327637
                ],
                [
                    0.0,
                    0.0,
                    0.0,
                    1.0
                ]
            ],
            "view_index": 7,
            "time_index": null,
            "local_position": [
                -17.949448823928833,
                16.09961748123169,
                32.30510234832764
            ],
            "global_position": [
                73.55055117607117,
                215.29961748123168,
                32.80510234832764
            ],
            "opencv_transform_matrix": [
                [
                    400.00000000000006,
                    0.0,
                    400.0
                ],
                [
                    0.0,
                    400.00000000000006,
                    400.0
                ],
                [
                    0.0,
                    0.0,
                    1.0
                ]
            ],
            "file_path": "../carla_intersection_no-actor_scale-10.0/train/cam-7_frame-002895.jpg",
            "scene_id": 0
        },
        {
            "transform_matrix": [
                [
                    0.6677061319351196,
                    0.5965754389762878,
                    -0.44527101516723633,
                    -1.7949448823928833
                ],
                [
                    -0.7444249391555786,
                    0.5350936651229858,
                    -0.3993823528289795,
                    -1.609961748123169
                ],
                [
                    0.0,
                    0.5981408953666687,
                    0.8013909459114075,
                    3.2305102348327637
                ],
                [
                    0.0,
                    0.0,
                    0.0,
                    1.0
                ]
            ],
            "view_index": 7,
            "time_index": null,
            "local_position": [
                -17.949448823928833,
                16.09961748123169,
                32.30510234832764
            ],
            "global_position": [
                73.55055117607117,
                215.29961748123168,
                32.80510234832764
            ],
            "opencv_transform_matrix": [
                [
                    400.00000000000006,
                    0.0,
                    400.0
                ],
                [
                    0.0,
                    400.00000000000006,
                    400.0
                ],
                [
                    0.0,
                    0.0,
                    1.0
                ]
            ],
            "file_path": "../carla_intersection_yes-actor_scale-10.0/train/cam-7_frame-002850.jpg",
            "scene_id": 1
        },
        {
            "transform_matrix": [
                [
                    -0.31096574664115906,
                    0.2002885490655899,
                    -0.9290775060653687,
                    -3.7452306747436523
                ],
                [
                    -0.9504212141036987,
                    -0.06553186476230621,
                    0.30398234724998474,
                    1.2253918647766113
                ],
                [
                    0.0,
                    0.9775428771972656,
                    0.21073664724826813,
                    0.8495064973831177
                ],
                [
                    0.0,
                    0.0,
                    0.0,
                    1.0
                ]
            ],
            "view_index": 8,
            "time_index": null,
            "local_position": [
                -37.45230674743652,
                -12.253918647766113,
                8.495064973831177
            ],
            "global_position": [
                54.04769325256348,
                186.94608135223388,
                8.995064973831177
            ],
            "opencv_transform_matrix": [
                [
                    400.00000000000006,
                    0.0,
                    400.0
                ],
                [
                    0.0,
                    400.00000000000006,
                    400.0
                ],
                [
                    0.0,
                    0.0,
                    1.0
                ]
            ],
            "file_path": "../carla_intersection_no-actor_scale-10.0/train/cam-8_frame-002896.jpg",
            "scene_id": 0
        },
        {
            "transform_matrix": [
                [
                    -0.31096574664115906,
                    0.2002885490655899,
                    -0.9290775060653687,
                    -3.7452306747436523
                ],
                [
                    -0.9504212141036987,
                    -0.06553186476230621,
                    0.30398234724998474,
                    1.2253918647766113
                ],
                [
                    0.0,
                    0.9775428771972656,
                    0.21073664724826813,
                    0.8495064973831177
                ],
                [
                    0.0,
                    0.0,
                    0.0,
                    1.0
                ]
            ],
            "view_index": 8,
            "time_index": null,
            "local_position": [
                -37.45230674743652,
                -12.253918647766113,
                8.495064973831177
            ],
            "global_position": [
                54.04769325256348,
                186.94608135223388,
                8.995064973831177
            ],
            "opencv_transform_matrix": [
                [
                    400.00000000000006,
                    0.0,
                    400.0
                ],
                [
                    0.0,
                    400.00000000000006,
                    400.0
                ],
                [
                    0.0,
                    0.0,
                    1.0
                ]
            ],
            "file_path": "../carla_intersection_yes-actor_scale-10.0/train/cam-8_frame-002851.jpg",
            "scene_id": 1
        },
        {
            "transform_matrix": [
                [
                    -0.9577112793922424,
                    0.04380226507782936,
                    -0.28437715768814087,
                    -1.1463608741760254
                ],
                [
                    -0.28773075342178345,
                    -0.14579574763774872,
                    0.9465488195419312,
                    3.815659999847412
                ],
                [
                    3.725290076417309e-09,
                    0.9883445501327515,
                    0.15223351120948792,
                    0.6136728525161743
                ],
                [
                    0.0,
                    0.0,
                    0.0,
                    1.0
                ]
            ],
            "view_index": 9,
            "time_index": null,
            "local_position": [
                -11.463608741760254,
                -38.15659999847412,
                6.136728525161743
            ],
            "global_position": [
                80.03639125823975,
                161.04340000152587,
                6.636728525161743
            ],
            "opencv_transform_matrix": [
                [
                    400.00000000000006,
                    0.0,
                    400.0
                ],
                [
                    0.0,
                    400.00000000000006,
                    400.0
                ],
                [
                    0.0,
                    0.0,
                    1.0
                ]
            ],
            "file_path": "../carla_intersection_no-actor_scale-10.0/train/cam-9_frame-002897.jpg",
            "scene_id": 0
        },
        {
            "transform_matrix": [
                [
                    -0.9577112793922424,
                    0.04380226507782936,
                    -0.28437715768814087,
                    -1.1463608741760254
                ],
                [
                    -0.28773075342178345,
                    -0.14579574763774872,
                    0.9465488195419312,
                    3.815659999847412
                ],
                [
                    3.725290076417309e-09,
                    0.9883445501327515,
                    0.15223351120948792,
                    0.6136728525161743
                ],
                [
                    0.0,
                    0.0,
                    0.0,
                    1.0
                ]
            ],
            "view_index": 9,
            "time_index": null,
            "local_position": [
                -11.463608741760254,
                -38.15659999847412,
                6.136728525161743
            ],
            "global_position": [
                80.03639125823975,
                161.04340000152587,
                6.636728525161743
            ],
            "opencv_transform_matrix": [
                [
                    400.00000000000006,
                    0.0,
                    400.0
                ],
                [
                    0.0,
                    400.00000000000006,
                    400.0
                ],
                [
                    0.0,
                    0.0,
                    1.0
                ]
            ],
            "file_path": "../carla_intersection_yes-actor_scale-10.0/train/cam-9_frame-002852.jpg",
            "scene_id": 1
        },
        {
            "transform_matrix": [
                [
                    -0.9176257848739624,
                    0.132969468832016,
                    -0.37454232573509216,
                    -1.5098283290863037
                ],
                [
                    -0.39744535088539124,
                    -0.3070012331008911,
                    0.8647470474243164,
                    3.4859066009521484
                ],
                [
                    0.0,
                    0.9423742294311523,
                    0.334560364484787,
                    1.3486559391021729
                ],
                [
                    0.0,
                    0.0,
                    0.0,
                    1.0
                ]
            ],
            "view_index": 10,
            "time_index": null,
            "local_position": [
                -15.098283290863037,
                -34.859066009521484,
                13.486559391021729
            ],
            "global_position": [
                76.40171670913696,
                164.3409339904785,
                13.986559391021729
            ],
            "opencv_transform_matrix": [
                [
                    400.00000000000006,
                    0.0,
                    400.0
                ],
                [
                    0.0,
                    400.00000000000006,
                    400.0
                ],
                [
                    0.0,
                    0.0,
                    1.0
                ]
            ],
            "file_path": "../carla_intersection_no-actor_scale-10.0/train/cam-10_frame-002898.jpg",
            "scene_id": 0
        },
        {
            "transform_matrix": [
                [
                    -0.9176257848739624,
                    0.132969468832016,
                    -0.37454232573509216,
                    -1.5098283290863037
                ],
                [
                    -0.39744535088539124,
                    -0.3070012331008911,
                    0.8647470474243164,
                    3.4859066009521484
                ],
                [
                    0.0,
                    0.9423742294311523,
                    0.334560364484787,
                    1.3486559391021729
                ],
                [
                    0.0,
                    0.0,
                    0.0,
                    1.0
                ]
            ],
            "view_index": 10,
            "time_index": null,
            "local_position": [
                -15.098283290863037,
                -34.859066009521484,
                13.486559391021729
            ],
            "global_position": [
                76.40171670913696,
                164.3409339904785,
                13.986559391021729
            ],
            "opencv_transform_matrix": [
                [
                    400.00000000000006,
                    0.0,
                    400.0
                ],
                [
                    0.0,
                    400.00000000000006,
                    400.0
                ],
                [
                    0.0,
                    0.0,
                    1.0
                ]
            ],
            "file_path": "../carla_intersection_yes-actor_scale-10.0/train/cam-10_frame-002853.jpg",
            "scene_id": 1
        },
        {
            "transform_matrix": [
                [
                    -0.35874348878860474,
                    -0.882536768913269,
                    0.3040260076522827,
                    1.225568175315857
                ],
                [
                    0.9334362745285034,
                    -0.339181512594223,
                    0.11684500426054001,
                    0.4710173010826111
                ],
                [
                    -7.450581485102248e-09,
                    0.32570624351501465,
                    0.945470929145813,
                    3.8113155364990234
                ],
                [
                    0.0,
                    0.0,
                    0.0,
                    1.0
                ]
            ],
            "view_index": 11,
            "time_index": null,
            "local_position": [
                12.25568175315857,
                -4.710173010826111,
                38.113155364990234
            ],
            "global_position": [
                103.75568175315857,
                194.48982698917388,
                38.613155364990234
            ],
            "opencv_transform_matrix": [
                [
                    400.00000000000006,
                    0.0,
                    400.0
                ],
                [
                    0.0,
                    400.00000000000006,
                    400.0
                ],
                [
                    0.0,
                    0.0,
                    1.0
                ]
            ],
            "file_path": "../carla_intersection_no-actor_scale-10.0/train/cam-11_frame-002899.jpg",
            "scene_id": 0
        },
        {
            "transform_matrix": [
                [
                    -0.35874348878860474,
                    -0.882536768913269,
                    0.3040260076522827,
                    1.225568175315857
                ],
                [
                    0.9334362745285034,
                    -0.339181512594223,
                    0.11684500426054001,
                    0.4710173010826111
                ],
                [
                    -7.450581485102248e-09,
                    0.32570624351501465,
                    0.945470929145813,
                    3.8113155364990234
