{
  "keyframes": [
    {
      "matrix": "[0.671472786587352,-0.7410292145878032,5.551115123125783e-17,0,0.38368677846947685,0.3476721635852549,0.8555165239173714,0,-0.6339627377853774,-0.5744560642863223,0.5177755085984057,0,-0.5003123068572115,-0.3361679522883624,0.03185327307274671,1]",
      "fov": 50,
      "aspect": 1.4930182599355533,
      "properties": "[[\"FOV\",50],[\"NAME\",\"Camera 2\"],[\"TIME\",0]]"
    },
    {
      "matrix": "[0.14611338621357695,-0.9892678496591315,-5.551115123125783e-17,0,0.5368532077251568,0.07929241823371869,0.8399412751888424,0,-0.830926899146015,-0.12272666393839171,0.5426773021180648,0,-0.6192003588316141,-0.06350297579755129,0.046884056854778866,1]",
      "fov": 50,
      "aspect": 1.4930182599355533,
      "properties": "[[\"FOV\",50],[\"NAME\",\"Camera 3\"],[\"TIME\",0.125]]"
    },
    {
      "matrix": "[-0.6877787542068081,-0.7259203711576988,-5.551115123125783e-17,0,0.37504937637676583,-0.35534337249562475,0.8561945181457511,0,-0.6215290423955506,0.588872399048983,0.5166536045525717,0,-0.45999487768312564,0.3867470635119336,0.056526449177753846,1]",
      "fov": 50,
      "aspect": 1.4930182599355533,
      "properties": "[[\"FOV\",50],[\"NAME\",\"Camera 4\"],[\"TIME\",0.25]]"
    },
    {
      "matrix": "[-0.9991880088452354,0.04029048249765386,0,0,-0.020358358026537425,-0.5048792161046685,0.8629498910156943,0,0.03476866748032014,0.8622491833371846,0.5052895067147162,0,-0.05426376974402586,0.5517374604512267,0.049666789243293596,1]",
      "fov": 50,
      "aspect": 1.4930182599355533,
      "properties": "[[\"FOV\",50],[\"NAME\",\"Camera 5\"],[\"TIME\",0.375]]"
    },
    {
      "matrix": "[-0.696780223343052,0.717284685712728,0,0,-0.36914535983895447,-0.358592887033492,0.8574047146350167,0,0.6150032712655891,0.5974226485587725,0.5146427453308224,0,0.3244487016896068,0.34694699986647964,0.054872986800547474,1]",
      "fov": 50,
      "aspect": 1.4930182599355533,
      "properties": "[[\"FOV\",50],[\"NAME\",\"Camera 6\"],[\"TIME\",0.5]]"
    },
    {
      "matrix": "[-0.02987500961580869,0.9995536422826218,0,0,-0.5331271784309525,-0.01593429197626839,0.8458850453563218,0,0.845507478038312,0.025270823863888847,0.5333652501265278,0,0.4192274383715011,-0.0008128088578429459,0.055291754892630024,1]",
      "fov": 50,
      "aspect": 1.4930182599355533,
      "properties": "[[\"FOV\",50],[\"NAME\",\"Camera 7\"],[\"TIME\",0.625]]"
    },
    {
      "matrix": "[0.5186070978809485,0.8550126771150826,0,0,-0.48815533252463883,0.29609013654617133,0.8209963473535244,0,0.7019622848524412,-0.42577453307187046,0.5709334441352784,0,0.2992764324002223,-0.2772378444576944,0.051769654490578104,1]",
      "fov": 50,
      "aspect": 1.4930182599355533,
      "properties": "[[\"FOV\",50],[\"NAME\",\"Camera 8\"],[\"TIME\",0.75]]"
    },
    {
      "matrix": "[0.8613492358779252,0.508013281177288,2.7755575615628914e-17,0,-0.27258823792434245,0.4621801813947133,0.8438513687085255,0,0.4286877026435635,-0.7268507316316298,0.5365769912405376,0,0.10855654686460148,-0.41832650808762756,0.005436171173270887,1]",
      "fov": 50,
      "aspect": 1.4930182599355533,
      "properties": "[[\"FOV\",50],[\"NAME\",\"Camera 7\"],[\"TIME\",0.875]]"
    },
    {
      "matrix": "[0.9874361050975893,-0.15801879112846873,4.163336342344337e-17,0,0.08462768384392066,0.5288259068526453,0.8445006307686754,0,-0.13344696878129542,-0.8338904135986783,0.5355545580342952,0,-0.17642959954896062,-0.45758071100419584,0.004994258623694903,1]",
      "fov": 50,
      "aspect": 1.4930182599355533,
      "properties": "[[\"FOV\",50],[\"NAME\",\"Camera 8\"],[\"TIME\",1]]"
    }
  ],
  "render_height": 1080,
  "render_width": 1920,
  "camera_path": [
    {
      "camera_to_world": [
        0.671472786587352,
        0.3836867784694769,
        -0.6339627377853774,
        -0.5003123068572115,
        -0.7410292145878032,
        0.34767216358525493,
        -0.5744560642863222,
        -0.3361679522883624,
        1.1102230246251565e-16,
        0.8555165239173714,
        0.5177755085984057,
        0.03185327307274671,
        0,
        0,
        0,
        1
      ],
      "fov": 50,
      "aspect": 1.4930182599355533
    },
    {
      "camera_to_world": [
        0.6592128046806208,
        0.3894541441939647,
        -0.643244858289016,
        -0.5064497095819697,
        -0.7519563162648741,
        0.34094217374762875,
        -0.5641986641154003,
        -0.3306573222871812,
        -0.00042020765139882954,
        0.855619017863902,
        0.5176059502122646,
        0.03243115665789516,
        0,
        0,
        0,
        1
      ],
      "fov": 50,
      "aspect": 1.4930182599355533
    },
    {
      "camera_to_world": [
        0.646995993934698,
        0.3950194247479852,
        -0.6521930986327771,
        -0.5124389909290189,
        -0.7624929232329727,
        0.33422859819447576,
        -0.5539817561694533,
        -0.32517641288377014,
        -0.0008519695347914966,
        0.8557165992434217,
        0.5174440800001341,
        0.032990021330415085,
        0,
        0,
        0,
        1
      ],
      "fov": 50,
      "aspect": 1.4930182599355533
    },
    {
      "camera_to_world": [
        0.6348289734093437,
        0.4003912098861293,
        -0.6608169591997168,
        -0.5182790301106668,
        -0.7726516098647909,
        0.3275420438346395,
        -0.5438066745581321,
        -0.3197175902883819,
        -0.0012900749536162992,
        0.8558055202945053,
        0.5172960923301715,
        0.03353055030814318,
        0,
        0,
        0,
        1
      ],
      "fov": 50,
      "aspect": 1.4930182599355533
    },
    {
      "camera_to_world": [
        0.6227164355091783,
        0.4055787789162551,
        -0.6691263670186243,
        -0.5239687063392205,
        -0.7824456844332628,
        0.32089147884763236,
        -0.5336735047899067,
        -0.3142732207112691,
        -0.0017296989640986087,
        0.8558823008426911,
        0.5171677631540026,
        0.0340534268089161,
        0,
        0,
        0,
        1
      ],
      "fov": 50,
      "aspect": 1.4930182599355533
    },
    {
      "camera_to_world": [
        0.6106612068433287,
        0.41059193019402246,
        -0.6771315657360809,
        -0.5295068988269878,
        -0.7918890056186022,
        0.3142842691507136,
        -0.5235811311962868,
        -0.3088356703626844,
        -0.0021663880148105326,
        0.8559437277204319,
        0.5170644464078153,
        0.034559334050570524,
        0,
        0,
        0,
        1
      ],
      "fov": 50,
      "aspect": 1.4930182599355533
    },
    {
      "camera_to_world": [
        0.5986643177771641,
        0.41544082615879774,
        -0.684843014552166,
        -0.5348924867862753,
        -0.8009958147061343,
        0.3077262263356876,
        -0.5135272869560616,
        -0.30339730545288013,
        -0.0025960438476178294,
        0.8559868512925259,
        0.5169910743626512,
        0.03504895525094312,
        0,
        0,
        0,
        1
      ],
      "fov": 50,
      "aspect": 1.4930182599355533
    },
    {
      "camera_to_world": [
        0.5867250778256844,
        0.42013585396248293,
        -0.6922712960001012,
        -0.5401243494293912,
        -0.8097805834861209,
        0.3012216640135926,
        -0.5035086054257266,
        -0.2979504921921091,
        -0.003014906187999712,
        0.8560089797099661,
        0.5169521612263362,
        0.035522973627870574,
        0,
        0,
        0,
        1
      ],
      "fov": 50,
      "aspect": 1.4930182599355533
    },
    {
      "camera_to_world": [
        0.574841154352201,
        0.4246875013221361,
        -0.6994270322798439,
        -0.5452013659686427,
        -0.8182578774722777,
        0.2947734598101731,
        -0.49352067165023944,
        -0.2924875967906239,
        -0.0034195347040713317,
        0.8560076714681362,
        0.5169518093305283,
        0.03598207239918955,
        0,
        0,
        0,
        1
      ],
      "fov": 50,
      "aspect": 1.4930182599355533
    },
    {
      "camera_to_world": [
        0.563008652361725,
        0.42910624689259835,
        -0.706320809720047,
        -0.5501224156163369,
        -0.8264422337409226,
        0.28838312057949744,
        -0.4835580730937551,
        -0.2870009854586771,
        -0.003806790662573417,
        0.8559807267938803,
        0.5169937172754345,
        0.036426934782736745,
        0,
        0,
        0,
        1
      ],
      "fov": 50,
      "aspect": 1.4930182599355533
    },
    {
      "camera_to_world": [
        0.5512221935026873,
        0.4334024641988997,
        -0.7129631108384272,
        -0.5548863775847813,
        -0.8343480524504675,
        0.28205084873180636,
        -0.47361444878907516,
        -0.28148302440652123,
        -0.004173818658941452,
        0.8559261783331489,
        0.5170811894488264,
        0.0368582439963488,
        0,
        0,
        0,
        1
      ],
      "fov": 50,
      "aspect": 1.4930182599355533
    },
    {
      "camera_to_world": [
        0.5394749927033081,
        0.43758633798049007,
        -0.7193642533936406,
        -0.5594921310862835,
        -0.8419895009226588,
        0.2757756078927828,
        -0.46368253625447053,
        -0.275926079844409,
        -0.004518028749130488,
        0.8558422815590442,
        0.5172171463824761,
        0.0372766832578624,
        0,
        0,
        0,
        1
      ],
      "fov": 50,
      "aspect": 1.4930182599355533
    },
    {
      "camera_to_world": [
        0.5277589311631021,
        0.4416677916701542,
        -0.7255343357683284,
        -0.5639385553331506,
        -0.8493804290432933,
        0.26955518641638326,
        -0.4537542156655517,
        -0.27032251798259294,
        -0.004837079264508548,
        0.8557275052709468,
        0.5174041354559805,
        0.03768293578511423,
        0,
        0,
        0,
        1
      ],
      "fov": 50,
      "aspect": 1.4930182599355533
    },
    {
      "camera_to_world": [
        0.5160646246912433,
        0.44565642464952476,
        -0.731483187989231,
        -0.5682245295376901,
        -0.8565342946617825,
        0.26338625755652206,
        -0.44382055089710765,
        -0.2646647050313257,
        -0.0051288605487899985,
        0.8555805225102849,
        0.5176443415034101,
        0.03807768479594095,
        0,
        0,
        0,
        1
      ],
      "fov": 50,
      "aspect": 1.4930182599355533
    },
    {
      "camera_to_world": [
        0.5043814866296047,
        0.4495614578805989,
        -0.7372203276725219,
        -0.5723489329122095,
        -0.8634640976269246,
        0.25726443536113736,
        -0.4338718271651619,
        -0.25894500720085983,
        -0.005391479818265431,
        0.855400202178247,
        0.5179395969210924,
        0.03846161350817924,
        0,
        0,
        0,
        1
      ],
      "fov": 50,
      "aspect": 1.4930182599355533
    },
    {
      "camera_to_world": [
        0.49269778481878557,
        0.4533916864994599,
        -0.7427549201774681,
        -0.576310644669016,
        -0.8701823210823749,
        0.2511843255843358,
        -0.4238975851033278,
        -0.25315579070144795,
        -0.005623247313821634,
        0.8551856016058256,
        0.5182913909141552,
        0.038835405139665775,
        0,
        0,
        0,
        1
      ],
      "fov": 50,
      "aspect": 1.4930182599355533
    },
    {
      "camera_to_world": [
        0.48100069226130027,
        0.4571554379664372,
        -0.7480957422562068,
        -0.5801085440204169,
        -0.8767008786521353,
        0.24513957111895823,
        -0.4138866512007694,
        -0.24728942174334265,
        -0.0058226638855445045,
        0.8549359602972191,
        0.5187008775546345,
        0.03919974290823723,
        0,
        0,
        0,
        1
      ],
      "fov": 50,
      "aspect": 1.4930182599355533
    },
    {
      "camera_to_world": [
        0.4692763313093673,
        0.46086053438910174,
        -0.7532511484992325,
        -0.5837415101787201,
        -0.8830310661675276,
        0.2391228916347593,
        -0.4038271646128713,
        -0.24133826653679652,
        -0.0059884101279836805,
        0.8546506950437838,
        0.5191688823545921,
        0.039555310031730274,
        0,
        0,
        0,
        1
      ],
      "fov": 50,
      "aspect": 1.4930182599355533
    },
    {
      "camera_to_world": [
        0.4575098113582297,
        0.4645142576648403,
        -0.758229039892986,
        -0.5872084223562324,
        -0.8891835166171284,
        0.23312611726916774,
        -0.3937066004315896,
        -0.23529469129206224,
        -0.006119337166247048,
        0.8543293965872206,
        0.5196959070837109,
        0.03990278972798158,
        0,
        0,
        0,
        1
      ],
      "fov": 50,
      "aspect": 1.4930182599355533
    },
    {
      "camera_to_world": [
        0.44568526016308474,
        0.4681233161233839,
        -0.763036833825871,
        -0.5905081597652615,
        -0.8951681570355746,
        0.22714021636167014,
        -0.3835117895719851,
        -0.2291510622193923,
        -0.006214459179719023,
        0.8539718279971654,
        0.5202821325822015,
        0.040242865214827825,
        0,
        0,
        0,
        1
      ],
      "fov": 50,
      "aspect": 1.4930182599355533
    },
    {
      "camera_to_world": [
        0.4337858490222991,
        0.4716938113826795,
        -0.7676814349007564,
        -0.5936396016181146,
        -0.900994166082468,
        0.22115531735314323,
        -0.3732289354964173,
        -0.22289974552903935,
        -0.006272947741012169,
        0.8535779249194018,
        0.5209274193368274,
        0.04057621971010568,
        0,
        0,
        0,
        1
      ],
      "fov": 50,
      "aspect": 1.4930182599355533
    },
    {
      "camera_to_world": [
        0.4217938121857759,
        0.47523120416098236,
        -0.7721692059344851,
        -0.5966016271270993,
        -0.9066699310961933,
        0.21516072509219691,
        -0.36284362806011083,
        -0.21653310743125598,
        -0.006294128042416356,
        0.8531477978460139,
        0.5216313056006923,
        0.04090353643165183,
        0,
        0,
        0,
        1
      ],
      "fov": 50,
      "aspect": 1.4930182599355533
    },
    {
      "camera_to_world": [
        0.4096904609594148,
        0.4787402778119455,
        -0.776505938547416,
        -0.5993931155045229,
        -0.912203003437486,
        0.20914493190631356,
        -0.3523408548231863,
        -0.21004351413629485,
        -0.006277477080203127,
        0.8526817365573423,
        0.522393002846576,
        0.04122549859730292,
        0,
        0,
        0,
        1
      ],
      "fov": 50,
      "aspect": 1.4930182599355533
    },
    {
      "camera_to_world": [
        0.397456193089062,
        0.4822250983666376,
        -0.7806968227682477,
        -0.6020129459626927,
        -0.917600050963024,
        0.20309562391102068,
        -0.34170501023667926,
        -0.20342333185440853,
        -0.00622262386828676,
        0.8521802168869446,
        0.523211388349598,
        0.04154278942489566,
        0,
        0,
        0,
        1
      ],
      "fov": 50,
      "aspect": 1.4930182599355533
    },
    {
      "camera_to_world": [
        0.38507049812481053,
        0.4856889698764203,
        -0.7847464151012682,
        -0.6044599977139162,
        -0.9228668064899481,
        0.19699968315045363,
        -0.3309199031754746,
        -0.19666492679584954,
        -0.006129351756496815,
        0.8516439099641366,
        0.5240849946984196,
        0.041856092132266695,
        0,
        0,
        0,
        1
      ],
      "fov": 50,
      "aspect": 1.4930182599355533
    },
    {
      "camera_to_world": [
        0.3725119595937367,
        0.4891343838539779,
        -0.7886586045250654,
        -0.6067331499705007,
        -0.9280080111284992,
        0.1908431862925831,
        -0.3199687633613975,
        -0.18976066517087048,
        -0.005997602934670751,
        0.8510736940932223,
        0.5250119960358565,
        0.04216608993725272,
        0,
        0,
        0,
        1
      ],
      "fov": 50,
      "aspect": 1.4930182599355533
    },
    {
      "camera_to_world": [
        0.3597582549510612,
        0.49256296160781415,
        -0.7924365759142534,
        -0.6088312819447536,
        -0.9330273513733013,
        0.1846114007474149,
        -0.30883424729683,
        -0.1827029131897241,
        -0.0058274852114311715,
        0.8504706694332359,
        0.5259901908304889,
        0.04247346605769039,
        0,
        0,
        0,
        1
      ],
      "fov": 50,
      "aspect": 1.4930182599355533
    },
    {
      "camera_to_world": [
        0.34678615444135724,
        0.4959753882605428,
        -0.7960827703998994,
        -0.6107532728489823,
        -0.9379273888563868,
        0.17828877924214817,
        -0.29749844441506723,
        -0.17548403706266286,
        -0.0056192811653650865,
        0.8498361756457232,
        0.5270169809816722,
        0.04277890371141639,
        0,
        0,
        0,
        1
      ],
      "fov": 50,
      "aspect": 1.4930182599355533
    },
    {
      "camera_to_world": [
        0.3335715201879693,
        0.4993713372366942,
        -0.7995988422114699,
        -0.6124980018954942,
        -0.9427094816800803,
        0.171858954079311,
        -0.28594288425005426,
        -0.16809640299993944,
        -0.0053734597757756075,
        0.8491718126793902,
        0.5280893470624426,
        0.0430830861162674,
        0,
        0,
        0,
        1
      ],
      "fov": 50,
      "aspect": 1.4930182599355533
    },
    {
      "camera_to_world": [
        0.3200893070455449,
        0.5027493840062425,
        -0.8029856115749812,
        -0.6140643482965966,
        -0.9473736962697528,
        0.16530473252814443,
        -0.2741485455368765,
        -0.16053237721180633,
        -0.005090690649521223,
        0.8484794648576608,
        0.5292038195096181,
        0.04338669649008008,
        0,
        0,
        0,
        1
      ],
      "fov": 50,
      "aspect": 1.4930182599355533
    },
    {
      "camera_to_world": [
        0.30631356700282264,
        0.5061069078818379,
        -0.8062430132809165,
        -0.615451191264597,
        -0.9519187087209187,
        0.15860809506191625,
        -0.26209586827710396,
        -0.1527843259085163,
        -0.004771860968865171,
        0.8477613284262941,
        0.5303564455795544,
        0.04369041805069112,
        0,
        0,
        0,
        1
      ],
      "fov": 50,
      "aspect": 1.4930182599355533
    },
    {
      "camera_to_world": [
        0.2922174592156823,
        0.5094399806988765,
        -0.8093700405840701,
        -0.6166574100118029,
        -0.9563416946696012,
        0.15175019846022705,
        -0.24976476994115296,
        -0.14484461530032178,
        -0.004418095291685631,
        0.8470199427007666,
        0.5315427519035356,
        0.04399493401593716,
        0,
        0,
        0,
        1
      ],
      "fov": 50,
      "aspect": 1.4930182599355533
    },
    {
      "camera_to_world": [
        0.27777326808879843,
        0.5127432412683254,
        -0.8123646841591037,
        -0.6176818837505214,
        -0.9606382067986126,
        0.14471138615122894,
        -0.23713466713438652,
        -0.13670561159747546,
        -0.004030778338601591,
        0.8462582249241904,
        0.5327577025009993,
        0.04430092760365492,
        0,
        0,
        0,
        1
      ],
      "fov": 50,
      "aspect": 1.4930182599355533
    },
    {
      "camera_to_world": [
        0.2629524322120276,
        0.5160097545954924,
        -0.815223865914191,
        -0.6185234916930601,
        -0.9648020392169485,
        0.1374712085787044,
        -0.22418450422526595,
        -0.12835968101022993,
        -0.0036115808999641064,
        0.8454795089026169,
        0.5339956521444653,
        0.044609082031681034,
        0,
        0,
        0,
        1
      ],
      "fov": 50,
      "aspect": 1.4930182599355533
    },
    {
      "camera_to_world": [
        0.24772558739775666,
        0.5192308550196151,
        -0.8179433675652831,
        -0.6191811130517262,
        -0.9688250781290922,
        0.13000845684655182,
        -0.21089279062247934,
        -0.11979918974883781,
        -0.0031624889873482368,
        0.844687587421514,
        0.5352502950204018,
        0.04492008051785221,
        0,
        0,
        0,
        1
      ],
      "fov": 50,
      "aspect": 1.4930182599355533
    },
    {
      "camera_to_world": [
        0.23206262755861468,
        0.5223959726686739,
        -0.8205177540005711,
        -0.6196536270388272,
        -0.9726971384628229,
        0.12230121341961324,
        -0.19723764859257106,
        -0.1110165040235516,
        -0.0026858363367926884,
        0.8438867583601725,
        0.5365146086990844,
        0.04523460628000509,
        0,
        0,
        0,
        1
      ],
      "fov": 50,
      "aspect": 1.4930182599355533
    },
    {
      "camera_to_world": [
        0.21593278770905647,
        0.5254924429644986,
        -0.8229402916247318,
        -0.6199399128666705,
        -0.9764057864686522,
        0.11432692424292089,
        -0.18319687372792778,
        -0.10200399004462396,
        -0.0021843403417196043,
        0.8430818743042436,
        0.5377807935180606,
        0.045553342535976364,
        0,
        0,
        0,
        1
      ],
      "fov": 50,
      "aspect": 1.4930182599355533
    },
    {
      "camera_to_world": [
        0.19930475396289063,
        0.5285052993826154,
        -0.8252028620722809,
        -0.6200388497475635,
        -0.9799361487652544,
        0.1060624972745461,
        -0.16874801040311047,
        -0.0927540140223076,
        -0.0016611414488276605,
        0.8422783953042955,
        0.5390402076030211,
        0.04587697250360271,
        0,
        0,
        0,
        1
      ],
      "fov": 50,
      "aspect": 1.4930182599355533
    },
    {
      "camera_to_world": [
        0.1821468060194287,
        0.5314170503011164,
        -0.82729587192623,
        -0.6199493168938135,
        -0.9832707089107698,
        0.09748443309688472,
        -0.15386844478934372,
        -0.08325894216685492,
        -0.0011198459862517415,
        0.8414824442334135,
        0.5402832979020611,
        0.04620617940072079,
        0,
        0,
        0,
        1
      ],
      "fov": 50,
      "aspect": 1.4930182599355533
    },
    {
      "camera_to_world": [
        0.16442699826306167,
        0.5342074415989445,
        -0.8292081593800855,
        -0.6196701935177278,
        -0.9863890933603794,
        0.08856899395495187,
        -0.13853551822365448,
        -0.07351114068851869,
        -0.0005645723053108453,
        0.8407008639522848,
        0.5414995278003426,
        0.046541646445167284,
        0,
        0,
        0,
        1
      ],
      "fov": 50,
      "aspect": 1.4930182599355533
    },
    {
      "camera_to_world": [
        0.14611338621357697,
        0.5368532077251568,
        -0.8309268991460151,
        -0.6192003588316141,
        -0.9892678496591316,
        0.07929241823371867,
        -0.12272666393839174,
        -0.06350297579755129,
        -1.1102230246251563e-16,
        0.8399412751888425,
        0.5426773021180648,
        0.046884056854778866,
        0,
        0,
        0,
        1
      ],
      "fov": 50,
      "aspect": 1.4930182599355533
    },
    {
      "camera_to_world": [
        0.1272273931714675,
        0.5393054618570703,
        -0.8324438775304464,
        -0.6185623516282869,
        -0.9918734121644379,
        0.0696587026334934,
        -0.10646501485790313,
        -0.053243009964321485,
        0.0005697965144042598,
        0.8392242155458519,
        0.5437852437988562,
        0.04722990418259909,
        0,
        0,
        0,
        1
      ],
      "fov": 50,
      "aspect": 1.4930182599355533
    },
    {
      "camera_to_world": [
        0.10782555409360868,
        0.5415171467334874,
        -0.8337462621673508,
        -0.6177781326553311,
        -0.9941691752202712,
        0.059693905963918936,
        -0.08980138435802043,
        -0.0427542477389928,
        0.0011405815413142938,
        0.8385677178286757,
        0.5447961836222369,
        0.047574984067530926,
        0,
        0,
        0,
        1
      ],
      "fov": 50,
      "aspect": 1.4930182599355533
    },
    {
      "camera_to_world": [
        0.08793047032190862,
        0.5434655713693433,
        -0.8348133953915458,
        -0.61684571405721,
        -0.9961251520181174,
        0.04940907507725123,
        -0.0727559263352014,
        -0.03205071845151008,
        0.0017070166521298141,
        0.8379760832125245,
        0.5457042881066133,
        0.0479189328562002,
        0,
        0,
        0,
        1
      ],
      "fov": 50,
      "aspect": 1.4930182599355533
    },
    {
      "camera_to_world": [
        0.0675670528997482,
        0.5451285494289663,
        -0.8356252497141967,
        -0.6157631079783865,
        -0.9977121670948631,
        0.03881740163017055,
        -0.05535016677079084,
        -0.02114645143181856,
        0.0022638448080549507,
        0.8374533264177492,
        0.5465041638254295,
        0.048261386895232745,
        0,
        0,
        0,
        1
      ],
      "fov": 50,
      "aspect": 1.4930182599355533
    },
    {
      "camera_to_world": [
        0.046762520328579756,
        0.5464846369662497,
        -0.8361625489415234,
        -0.6145283265633236,
        -0.9989020940127922,
        0.02793424418792902,
        -0.037606975131059414,
        -0.010055476009863158,
        0.0028059346710378776,
        0.837003118011824,
        0.5471909238731089,
        0.048601982531254355,
        0,
        0,
        0,
        1
      ],
      "fov": 50,
      "aspect": 1.4930182599355533
    },
    {
      "camera_to_world": [
        0.025546358928612352,
        0.5475133792578816,
        -0.8364068884694252,
        -0.6131393819564845,
        -0.9996680978178349,
        0.016777114410074685,
        -0.019550515014773492,
        0.0012081784844110886,
        0.003328325519255538,
        0.8366287276717711,
        0.5477602525590475,
        0.04894035611089088,
        0,
        0,
        0,
        1
      ],
      "fov": 50,
      "aspect": 1.4930182599355533
    },
    {
      "camera_to_world": [
        0.003950244278708187,
        0.5481955617962612,
        -0.8363408525218771,
        -0.6115942863023323,
        -0.9999848774909366,
        0.005365625183446231,
        -0.0012061740452280721,
        0.012630482721059244,
        0.003826272281888402,
        0.836332969631876,
        0.5482084672340919,
        0.049276143980768114,
        0,
        0,
        0,
        1
      ],
      "fov": 50,
      "aspect": 1.4930182599355533
    },
    {
      "camera_to_world": [
        -0.017992076962377916,
        0.5485134599755449,
        -0.8359481260175396,
        -0.6098910517453296,
        -0.9998289031875744,
        -0.0062786005902629,
        0.017399526584363625,
        0.024197407370136086,
        0.004295290131282878,
        0.8361181515792396,
        0.5485325761360066,
        0.049608982487511895,
        0,
        0,
        0,
        1
      ],
      "fov": 50,
      "aspect": 1.4930182599355533
    },
    {
      "camera_to_world": [
        -0.04024494461055312,
        0.5484510816234066,
        -0.8352135987275404,
        -0.6080276904299398,
        -0.9991786427855104,
        -0.018132060868221715,
        0.036239042067592736,
        0.03589492310169668,
        0.004731198008873101,
        0.8359860282533355,
        0.5487303311560373,
        0.04993850797774803,
        0,
        0,
        0,
        1
      ],
      "fov": 50,
      "aspect": 1.4930182599355533
    },
    {
      "camera_to_world": [
        -0.0627709806210566,
        0.547994396335625,
        -0.8341234594330894,
        -0.6060022145006259,
        -0.9980147721581856,
        -0.030169544238728085,
        0.05528393215458532,
        0.0477090005857961,
        0.0051301604181841305,
        0.8359377609518435,
        0.5488002744796162,
        0.050264356798102344,
        0,
        0,
        0,
        1
      ],
      "fov": 50,
      "aspect": 1.4930182599355533
    },
    {
      "camera_to_world": [
        -0.08553132053230358,
        0.5471315455864051,
        -0.8326652779071742,
        -0.6038126361018508,
        -0.9963203636813549,
        -0.0423643366917853,
        0.07450500580845386,
        0.059625610492489114,
        0.0054887267970849555,
        0.8359738840423762,
        0.5487417781409125,
        0.05058616529520066,
        0,
        0,
        0,
        1
      ],
      "fov": 50,
      "aspect": 1.4930182599355533
    },
    {
      "camera_to_world": [
        -0.10848587729599182,
        0.5458530278304516,
        -0.8308280727296395,
        -0.6014569673780775,
        -0.9940810477753098,
        -0.054688462341423306,
        0.09387248020944655,
        0.07163072349183079,
        0.005803867784608355,
        0.8360942794296939,
        0.5485550756520987,
        0.050903569815668806,
        0,
        0,
        0,
        1
      ],
      "fov": 50,
      "aspect": 1.4930182599355533
    },
    {
      "camera_to_world": [
        -0.13159363309129052,
        0.5441518532872984,
        -0.8286023631959019,
        -0.5989332204737693,
        -0.9912851427853591,
        -0.06711295395271437,
        0.1133561515964235,
        0.08371031025387632,
        0.006073007726432926,
        0.836298159734756,
        0.5482412850209435,
        0.05121620670613259,
        0,
        0,
        0,
        1
      ],
      "fov": 50,
      "aspect": 1.4930182599355533
    },
    {
      "camera_to_world": [
        -0.15481295381438281,
        0.5420236637951862,
        -0.8259802038894811,
        -0.5962394075333891,
        -0.987923749198487,
        -0.07960814812757118,
        0.1329255751212072,
        0.09585034144868024,
        0.006294052817603715,
        0.8365840607122166,
        0.5478024226501628,
        0.051523712313217826,
        0,
        0,
        0,
        1
      ],
      "fov": 50,
      "aspect": 1.4930182599355533
    },
    {
      "camera_to_world": [
        -0.17810192017800547,
        0.5394668140180887,
        -0.8229552008475798,
        -0.5933735407013998,
        -0.9839908050617454,
        -0.09214399915924365,
        0.15255025064836722,
        0.1080367877462977,
        0.006465414359940955,
        0.8369498431758706,
        0.5472414078128957,
        0.05182572298355035,
        0,
        0,
        0,
        1
      ],
      "fov": 50,
      "aspect": 1.4930182599355533
    },
    {
      "camera_to_world": [
        -0.20141866878992232,
        0.5364824113499018,
        -0.8195225086445705,
        -0.5903336321222648,
        -0.9794831004744503,
        -0.10469040492244418,
        0.1721998112720585,
        0.12025561981678373,
        0.006586026712174606,
        0.8373927044280776,
        0.5465620576135678,
        0.05212187506375597,
        0,
        0,
        0,
        1
      ],
      "fov": 50,
      "aspect": 1.4930182599355533
    },
    {
      "camera_to_world": [
        -0.22472173623623748,
        0.5330743130379139,
        -0.8156788081359764,
        -0.5871176939404467,
        -0.974400250128856,
        -0.11721753776063806,
        0.19184421125005663,
        0.13249280833019328,
        0.00665535962919331,
        0.837909198911487,
        0.5457690725643185,
        0.052411804900460525,
        0,
        0,
        0,
        1
      ],
      "fov": 50,
      "aspect": 1.4930182599355533
    },
    {
      "camera_to_world": [
        -0.24797039909497182,
        0.5292490802891232,
        -0.8114222650296193,
        -0.5837237383004085,
        -0.9687446240232149,
        -0.12969617318762963,
        0.21145391007641398,
        0.1447343239565815,
        0.00667342481790084,
        0.8384952675320246,
        0.5448680131257462,
        0.052695148840289814,
        0,
        0,
        0,
        1
      ],
      "fov": 50,
      "aspect": 1.4930182599355533
    },
    {
      "camera_to_world": [
        -0.2711250029539295,
        0.5250158903690081,
        -0.8067524698649948,
        -0.5801497773466138,
        -0.9625212376142052,
        -0.14209800934573652,
        0.23100004952726316,
        0.156966137366003,
        0.006640776675268981,
        0.8391462748532086,
        0.5438652677687118,
        0.052971543229869654,
        0,
        0,
        0,
        1
      ],
      "fov": 50,
      "aspect": 1.4930182599355533
    },
    {
      "camera_to_world": [
        -0.2941472738971047,
        0.5203864088938428,
        -0.8016703603710641,
        -0.5763938232235252,
        -0.9557376037599051,
        -0.1543959705505867,
        0.25045462071404667,
        0.1691742192285129,
        0.0065585073131231575,
        0.8398570531443508,
        0.5427680133035762,
        0.053240624415825895,
        0,
        0,
        0,
        1
      ],
      "fov": 50,
      "aspect": 1.4930182599355533
    },
    {
      "camera_to_world": [
        -0.31700060653481854,
        0.5153746255992238,
        -0.7961781275223637,
        -0.5724538880756058,
        -0.9484035497809458,
        -0.1665644888809413,
        0.26979061845574254,
        0.1813445402141663,
        0.006428236107863916,
        0.8406219520880305,
        0.54158416838775,
        0.05350202874478433,
        0,
        0,
        0,
        1
      ],
      "fov": 50,
      "aspect": 1.4930182599355533
    },
    {
      "camera_to_world": [
        -0.33965032345179735,
        0.5099966577911054,
        -0.7902791069115972,
        -0.5683279840473185,
        -0.9405310037941355,
        -0.17857975860581501,
        0.28898218062414316,
        0.1934630709930179,
        0.006252094136006442,
        0.8414348928218933,
        0.5403223412563314,
        0.05375539256337079,
        0,
        0,
        0,
        1
      ],
      "fov": 50,
      "aspect": 1.4930182599355533
    },
    {
      "camera_to_world": [
        -0.36206390189250387,
        0.5042705264137823,
        -0.7839776572943531,
        -0.5640141232831267,
        -0.9321337551174018,
        -0.19041995923494384,
        0.3080047105089372,
        0.20551578223512287,
        0.006032703963168908,
        0.8422894249100656,
        0.538991772819923,
        0.05400035221821109,
        0,
        0,
        0,
        1
      ],
      "fov": 50,
      "aspect": 1.4930182599355533
    },
    {
      "camera_to_world": [
        -0.38421116454608545,
        0.4982159101768191,
        -0.7772790283320558,
        -0.5595103179274932,
        -0.9232271939861546,
        -0.20206544407986915,
        0.3268349806756561,
        0.2174886446105363,
        0.005773155341059043,
        0.8431787848110797,
        0.5376022763362512,
        0.05423654405593104,
        0,
        0,
        0,
        1
      ],
      "fov": 50,
      "aspect": 1.4930182599355533
    },
    {
      "camera_to_world": [
        -0.40606443238350776,
        0.4918538834582689,
        -0.7701892196597401,
        -0.5548145801248809,
        -0.9138280360501504,
        -0.2134988923660088,
        0.3454512172322054,
        0.22936762878931283,
        0.005476977431451119,
        0.8440959544302454,
        0.5361641748874204,
        0.054463604423156495,
        0,
        0,
        0,
        1
      ],
      "fov": 50,
      "aspect": 1.4930182599355533
    },
    {
      "camera_to_world": [
        -0.4275986385866451,
        0.48520664374629385,
        -0.7627148334359998,
        -0.5499249220197533,
        -0.9039540371394092,
        -0.22470542408628266,
        0.36383316386163544,
        0.24113870544150762,
        0.00514810821676473,
        0.845033718410491,
        0.5346882378836546,
        0.05468116966651324,
        0,
        0,
        0,
        1
      ],
      "fov": 50,
      "aspect": 1.4930182599355533
    },
    {
      "camera_to_world": [
        -0.44879140364704867,
        0.47829723420928166,
        -0.754862922496703,
        -0.5448393557565728,
        -0.8936237036113008,
        -0.2356726778836048,
        0.38196212540406776,
        0.2527878452371758,
        0.0047908617736224235,
        0.8459847189204556,
        0.5331856177697818,
        0.054888876132627114,
        0,
        0,
        0,
        1
      ],
      "fov": 50,
      "aspect": 1.4930182599355533
    },
    {
      "camera_to_world": [
        -0.4696230726608962,
        0.47114926661963663,
        -0.746640836137642,
        -0.5395558934798029,
        -0.8828560032410402,
        -0.24639085324939247,
        0.39982099116516234,
        0.264301018846372,
        0.004409894079809019,
        0.8469415068343354,
        0.5316677880362793,
        0.055086360168123925,
        0,
        0,
        0,
        1
      ],
      "fov": 50,
      "aspect": 1.4930182599355533
    },
    {
      "camera_to_world": [
        -0.4900767166745364,
        0.46378664933011066,
        -0.7380560654019823,
        -0.5340725473339066,
        -0.8716700811236613,
        -0.25685271919381675,
        0.41739423848037527,
        0.27566419693915134,
        0.004010167998517778,
        0.8478965883560867,
        0.5301464835370809,
        0.055273258119629506,
        0,
        0,
        0,
        1
      ],
      "fov": 50,
      "aspect": 1.4930182599355533
    },
    {
      "camera_to_world": [
        -0.5101381006195438,
        0.4562333243500232,
        -0.7291160895555734,
        -0.5283873294633468,
        -0.8600849844503167,
        -0.2670535922566535,
        0.4346679173644126,
        0.28686335018556874,
        0.0035969180395273867,
        0.8488424663124151,
        0.5286336439967412,
        0.05544920633376967,
        0,
        0,
        0,
        1
      ],
      "fov": 50,
      "aspect": 1.4930182599355533
    },
    {
      "camera_to_world": [
        -0.5297956209042229,
        0.44851301683012945,
        -0.71982822520699,
        -0.5224982520125866,
        -0.8481193993402678,
        -0.27699128727160766,
        0.45162961731746654,
        0.29788444925567925,
        0.003175615438372942,
        0.849771675516167,
        0.5271413614553822,
        0.05561384115717024,
        0,
        0,
        0,
        1
      ],
      "fov": 50,
      "aspect": 1.4930182599355533
    },
    {
      "camera_to_world": [
        -0.5490402160958693,
        0.44064899947661423,
        -0.710199479280054,
        -0.5164033271260887,
        -0.8357914021862882,
        -0.2866660446679909,
        0.4682684175405038,
        0.3087134648195381,
        0.002751934025240599,
        0.8506768117767572,
        0.5256818322564061,
        0.05576679893645703,
        0,
        0,
        0,
        1
      ],
      "fov": 50,
      "aspect": 1.4930182599355533
    },
    {
      "camera_to_world": [
        -0.5678652543385557,
        0.4326638736111996,
        -0.7002364067847083,
        -0.5101005669483168,
        -0.8231182272368529,
        -0.2960804382964637,
        0.4845748219301481,
        0.31933636754719974,
        0.0023317172787978846,
        0.8515505543007567,
        0.5242673140341728,
        0.055907716018255865,
        0,
        0,
