╒════════════════════╤══════════════════════════════════════════════════════════════════════════════════════════════════════════════════════════════════════════════════════════════════════════════════════════════════════════════════════════════════════════════════════════════════════╕
│       matrix       │[-0.9403771820302098, -0.33677144289058686, 0.04770482963301034, 0, 0.14212405695663877, -0.26162828559882034, 0.9546472608292598, 0, -0.30901700268934784, 0.9045085048953463, 0.2938925936815643, 0, -0.2277026858269003, 0.8250399744145317, 0.4073228697509411, 1]│
╘════════════════════╧══════════════════════════════════════════════════════════════════════════════════════════════════════════════════════════════════════════════════════════════════════════════════════════════════════════════════════════════════════════════════════════════════════╛

╒════════════════════╤═══════════════════════════════════════════════════════════════════════════════════════════════════════════════════════════════════════════════════════════════════════════════════════════════════════════════════════════════════════════════════════════════════════╕
│       matrix       │[-0.9403771820302098, -0.33677144289058686, 0.04770482963301034, 0, 0.14212405695663877, -0.26162828559882034, 0.9546472608292598, 0, -0.30901700268934784, 0.9045085048953463, 0.2938925936815643, 0, -0.22682783570740056, 0.8245893304914393, 0.4096296812780845, 1]│
╘════════════════════╧═══════════════════════════════════════════════════════════════════════════════════════════════════════════════════════════════════════════════════════════════════════════════════════════════════════════════════════════════════════════════════════════════════════╛

╒════════════════════╤═══════════════════════════════════════════════════════════════════════════════════════════════════════════════════════════════════════════════════════════════════════════════════════════════════════════════════════════════════════════════════════════════════════╕
│       matrix       │[-0.9403771820302098, -0.33677144289058686, 0.04770482963301034, 0, 0.14212405695663877, -0.26162828559882034, 0.9546472608292598, 0, -0.30901700268934784, 0.9045085048953463, 0.2938925936815643, 0, -0.2266609531348947, 0.8242882212536202, 0.41073187107745646, 1]│
╘════════════════════╧═══════════════════════════════════════════════════════════════════════════════════════════════════════════════════════════════════════════════════════════════════════════════════════════════════════════════════════════════════════════════════════════════════════╛

╒════════════════════╤═══════════════════════════════════════════════════════════════════════════════════════════════════════════════════════════════════════════════════════════════════════════════════════════════════════════════════════════════════════════════════════════════════════╕
│       matrix       │[-0.9403771820302098, -0.33677144289058686, 0.04770482963301034, 0, 0.14212405695663877, -0.26162828559882034, 0.9546472608292598, 0, -0.30901700268934784, 0.9045085048953463, 0.2938925936815643, 0, -0.2264481228570568, 0.8239042077417232, 0.41213752630976297, 1]│
╘════════════════════╧═══════════════════════════════════════════════════════════════════════════════════════════════════════════════════════════════════════════════════════════════════════════════════════════════════════════════════════════════════════════════════════════════════════╛

╒════════════════════╤════════════════════════════════════════════════════════════════════════════════════════════════════════════════════════════════════════════════════════════════════════════════════════════════════════════════════════════════════════════════════════════════════════╕
│       matrix       │[-0.9403771820302098, -0.33677144289058686, 0.04770482963301034, 0, 0.14212405695663877, -0.26162828559882034, 0.9546472608292598, 0, -0.30901700268934784, 0.9045085048953463, 0.2938925936815643, 0, -0.22610607754288742, 0.8232870492074096, 0.41439659297288334, 1]│
╘════════════════════╧════════════════════════════════════════════════════════════════════════════════════════════════════════════════════════════════════════════════════════════════════════════════════════════════════════════════════════════════════════════════════════════════════════╛

╒════════════════════╤═══════════════════════════════════════════════════════════════════════════════════════════════════════════════════════════════════════════════════════════════════════════════════════════════════════════════════════════════════════════════════════════════════════╕
│       matrix       │[-0.9403771820302098, -0.33677144289058686, 0.04770482963301034, 0, 0.14212405695663877, -0.26162828559882034, 0.9546472608292598, 0, -0.30901700268934784, 0.9045085048953463, 0.2938925936815643, 0, -0.22571835433261184, 0.8225874732206976, 0.4169573430914434, 1]│
╘════════════════════╧═══════════════════════════════════════════════════════════════════════════════════════════════════════════════════════════════════════════════════════════════════════════════════════════════════════════════════════════════════════════════════════════════════════╛

╒════════════════════╤════════════════════════════════════════════════════════════════════════════════════════════════════════════════════════════════════════════════════════════════════════════════════════════════════════════════════════════════════════════════════════════════════════╕
│       matrix       │[-0.9403771820302098, -0.33677144289058686, 0.04770482963301034, 0, 0.14212405695663877, -0.26162828559882034, 0.9546472608292598, 0, -0.30901700268934784, 0.9045085048953463, 0.2938925936815643, 0, -0.22534243527165537, 0.8219091956736175, 0.41944013172637795, 1]│
╘════════════════════╧════════════════════════════════════════════════════════════════════════════════════════════════════════════════════════════════════════════════════════════════════════════════════════════════════════════════════════════════════════════════════════════════════════╛

╒════════════════════╤═══════════════════════════════════════════════════════════════════════════════════════════════════════════════════════════════════════════════════════════════════════════════════════════════════════════════════════════════════════════════════════════════════════╕
│       matrix       │[-0.9403771820302098, -0.33677144289058686, 0.04770482963301034, 0, 0.14212405695663877, -0.26162828559882034, 0.9546472608292598, 0, -0.30901700268934784, 0.9045085048953463, 0.2938925936815643, 0, -0.22498402376022703, 0.8212625073142129, 0.4218072902973865, 1]│
╘════════════════════╧═══════════════════════════════════════════════════════════════════════════════════════════════════════════════════════════════════════════════════════════════════════════════════════════════════════════════════════════════════════════════════════════════════════╛

╒════════════════════╤═══════════════════════════════════════════════════════════════════════════════════════════════════════════════════════════════════════════════════════════════════════════════════════════════════════════════════════════════════════════════════════════════════════╕
│       matrix       │[-0.9403771820302098, -0.33677144289058686, 0.04770482963301034, 0, 0.14212405695663877, -0.26162828559882034, 0.9546472608292598, 0, -0.30901700268934784, 0.9045085048953463, 0.2938925936815643, 0, -0.22472900711076133, 0.8208023761705083, 0.4234915689221078, 1]│
╘════════════════════╧═══════════════════════════════════════════════════════════════════════════════════════════════════════════════════════════════════════════════════════════════════════════════════════════════════════════════════════════════════════════════════════════════════════╛

╒════════════════════╤═══════════════════════════════════════════════════════════════════════════════════════════════════════════════════════════════════════════════════════════════════════════════════════════════════════════════════════════════════════════════════════════════════════╕
│       matrix       │[-0.9403771820302098, -0.33677144289058686, 0.04770482963301034, 0, 0.14212405695663877, -0.26162828559882034, 0.9546472608292598, 0, -0.30901700268934784, 0.9045085048953463, 0.2938925936815643, 0, -0.22449131165699693, 0.8203734979728596, 0.4250614482723595, 1]│
╘════════════════════╧═══════════════════════════════════════════════════════════════════════════════════════════════════════════════════════════════════════════════════════════════════════════════════════════════════════════════════════════════════════════════════════════════════════╛

╒════════════════════╤═════════════════════════════════════════════════════════════════════════════════════════════════════════════════════════════════════════════════════════════════════════════════════════════════════════════════════════════════════════════════════════════════════╕
│       matrix       │[-0.9403771820302098, -0.33677144289058686, 0.04770482963301034, 0, 0.14212405695663877, -0.26162828559882034, 0.9546472608292598, 0, -0.30901700268934784, 0.9045085048953463, 0.2938925936815643, 0, -0.2241335714085853, 0.8197280207854075, 0.427424173431144, 1]│
╘════════════════════╧═════════════════════════════════════════════════════════════════════════════════════════════════════════════════════════════════════════════════════════════════════════════════════════════════════════════════════════════════════════════════════════════════════╛

╒════════════════════╤════════════════════════════════════════════════════════════════════════════════════════════════════════════════════════════════════════════════════════════════════════════════════════════════════════════════════════════════════════════════════════════════════════╕
│       matrix       │[-0.9403771820302098, -0.33677144289058686, 0.04770482963301034, 0, 0.14212405695663877, -0.26162828559882034, 0.9546472608292598, 0, -0.30901700268934784, 0.9045085048953463, 0.2938925936815643, 0, -0.22362749342859983, 0.8188148951513589, 0.43076660744838746, 1]│
╘════════════════════╧════════════════════════════════════════════════════════════════════════════════════════════════════════════════════════════════════════════════════════════════════════════════════════════════════════════════════════════════════════════════════════════════════════╛

╒════════════════════╤═══════════════════════════════════════════════════════════════════════════════════════════════════════════════════════════════════════════════════════════════════════════════════════════════════════════════════════════════════════════════════════════════════════╕
│       matrix       │[-0.9403771820302098, -0.33677144289058686, 0.04770482963301034, 0, 0.14212405695663877, -0.26162828559882034, 0.9546472608292598, 0, -0.30901700268934784, 0.9045085048953463, 0.2938925936815643, 0, -0.2237517474972544, 0.8178787099881794, 0.43351724097833955, 1]│
╘════════════════════╧═══════════════════════════════════════════════════════════════════════════════════════════════════════════════════════════════════════════════════════════════════════════════════════════════════════════════════════════════════════════════════════════════════════╛

╒════════════════════╤═══════════════════════════════════════════════════════════════════════════════════════════════════════════════════════════════════════════════════════════════════════════════════════════════════════════════════════════════════════════════════════════════════════╕
│       matrix       │[-0.9403771820302098, -0.33677144289058686, 0.04770482963301034, 0, 0.14212405695663877, -0.26162828559882034, 0.9546472608292598, 0, -0.30901700268934784, 0.9045085048953463, 0.2938925936815643, 0, -0.22531456732985006, 0.8163228364287187, 0.4366624817449828, 1]│
╘════════════════════╧═══════════════════════════════════════════════════════════════════════════════════════════════════════════════════════════════════════════════════════════════════════════════════════════════════════════════════════════════════════════════════════════════════════╛

╒════════════════════╤════════════════════════════════════════════════════════════════════════════════════════════════════════════════════════════════════════════════════════════════════════════════════════════════════════════════════════════════════════════════════════════════════════╕
│       matrix       │[-0.9403771820302098, -0.33677144289058686, 0.04770482963301034, 0, 0.14212405695663877, -0.26162828559882034, 0.9546472608292598, 0, -0.30901700268934784, 0.9045085048953463, 0.2938925936815643, 0, -0.22777572782647298, 0.8141168296918909, 0.44086405552418195, 1]│
╘════════════════════╧════════════════════════════════════════════════════════════════════════════════════════════════════════════════════════════════════════════════════════════════════════════════════════════════════════════════════════════════════════════════════════════════════════╛

╒════════════════════╤═══════════════════════════════════════════════════════════════════════════════════════════════════════════════════════════════════════════════════════════════════════════════════════════════════════════════════════════════════════════════════════════════════════╕
│       matrix       │[-0.9403771820302098, -0.33677144289058686, 0.04770482963301034, 0, 0.14212405695663877, -0.26162828559882034, 0.9546472608292598, 0, -0.30901700268934784, 0.9045085048953463, 0.2938925936815643, 0, -0.23043693968252993, 0.8117997731415757, 0.4451970590505768, 1]│
╘════════════════════╧═══════════════════════════════════════════════════════════════════════════════════════════════════════════════════════════════════════════════════════════════════════════════════════════════════════════════════════════════════════════════════════════════════════╛

╒════════════════════╤═══════════════════════════════════════════════════════════════════════════════════════════════════════════════════════════════════════════════════════════════════════════════════════════════════════════════════════════════════════════════════════════════════════╕
│       matrix       │[-0.9403771820302098, -0.33677144289058686, 0.04770482963301034, 0, 0.14212405695663877, -0.26162828559882034, 0.9546472608292598, 0, -0.30901700268934784, 0.9045085048953463, 0.2938925936815643, 0, -0.23314051706992195, 0.8094615265134337, 0.4495507331764824, 1]│
╘════════════════════╧═══════════════════════════════════════════════════════════════════════════════════════════════════════════════════════════════════════════════════════════════════════════════════════════════════════════════════════════════════════════════════════════════════════╛

╒════════════════════╤════════════════════════════════════════════════════════════════════════════════════════════════════════════════════════════════════════════════════════════════════════════════════════════════════════════════════════════════════════════════════════════════════════╕
│       matrix       │[-0.9403771820302098, -0.33677144289058686, 0.04770482963301034, 0, 0.14212405695663877, -0.26162828559882034, 0.9546472608292598, 0, -0.30901700268934784, 0.9045085048953463, 0.2938925936815643, 0, -0.23586945562235623, 0.8071090871722144, 0.45392142167630356, 1]│
╘════════════════════╧════════════════════════════════════════════════════════════════════════════════════════════════════════════════════════════════════════════════════════════════════════════════════════════════════════════════════════════════════════════════════════════════════════╛

╒════════════════════╤═══════════════════════════════════════════════════════════════════════════════════════════════════════════════════════════════════════════════════════════════════════════════════════════════════════════════════════════════════════════════════════════════════════╕
│       matrix       │[-0.9403771820302098, -0.33677144289058686, 0.04770482963301034, 0, 0.14212405695663877, -0.26162828559882034, 0.9546472608292598, 0, -0.30901700268934784, 0.9045085048953463, 0.2938925936815643, 0, -0.23873677643954455, 0.8049780619271489, 0.4574651638325299, 1]│
╘════════════════════╧═══════════════════════════════════════════════════════════════════════════════════════════════════════════════════════════════════════════════════════════════════════════════════════════════════════════════════════════════════════════════════════════════════════╛

╒════════════════════╤════════════════════════════════════════════════════════════════════════════════════════════════════════════════════════════════════════════════════════════════════════════════════════════════════════════════════════════════════════════════════════════════════════╕
│       matrix       │[-0.9403771820302098, -0.33677144289058686, 0.04770482963301034, 0, 0.14212405695663877, -0.26162828559882034, 0.9546472608292598, 0, -0.30901700268934784, 0.9045085048953463, 0.2938925936815643, 0, -0.24277357924434312, 0.8022644902198529, 0.46157213355771354, 1]│
╘════════════════════╧════════════════════════════════════════════════════════════════════════════════════════════════════════════════════════════════════════════════════════════════════════════════════════════════════════════════════════════════════════════════════════════════════════╛

╒════════════════════╤══════════════════════════════════════════════════════════════════════════════════════════════════════════════════════════════════════════════════════════════════════════════════════════════════════════════════════════════════════════════════════════════════════╕
│       matrix       │[-0.9403771820302098, -0.33677144289058686, 0.04770482963301034, 0, 0.14212405695663877, -0.26162828559882034, 0.9546472608292598, 0, -0.30901700268934784, 0.9045085048953463, 0.2938925936815643, 0, -0.2468578706067473, 0.7995462511361924, 0.4656435355607399, 1]│
╘════════════════════╧══════════════════════════════════════════════════════════════════════════════════════════════════════════════════════════════════════════════════════════════════════════════════════════════════════════════════════════════════════════════════════════════════════╛

╒════════════════════╤══════════════════════════════════════════════════════════════════════════════════════════════════════════════════════════════════════════════════════════════════════════════════════════════════════════════════════════════════════════════════════════════════════╕
│       matrix       │[-0.9403771820302098, -0.33677144289058686, 0.04770482963301034, 0, 0.14212405695663877, -0.26162828559882034, 0.9546472608292598, 0, -0.30901700268934784, 0.9045085048953463, 0.2938925936815643, 0, -0.2510664150454239, 0.7971347519076224, 0.4686402418153369, 1]│
╘════════════════════╧══════════════════════════════════════════════════════════════════════════════════════════════════════════════════════════════════════════════════════════════════════════════════════════════════════════════════════════════════════════════════════════════════════╛

╒════════════════════╤═══════════════════════════════════════════════════════════════════════════════════════════════════════════════════════════════════════════════════════════════════════════════════════════════════════════════════════════════════════════════════════════════════════╕
│       matrix       │[-0.9403771820302098, -0.33677144289058686, 0.04770482963301034, 0, 0.14212405695663877, -0.26162828559882034, 0.9546472608292598, 0, -0.30901700268934784, 0.9045085048953463, 0.2938925936815643, 0, -0.25680874548049665, 0.7940047608324355, 0.4722355206041585, 1]│
╘════════════════════╧═══════════════════════════════════════════════════════════════════════════════════════════════════════════════════════════════════════════════════════════════════════════════════════════════════════════════════════════════════════════════════════════════════════╛

╒════════════════════╤════════════════════════════════════════════════════════════════════════════════════════════════════════════════════════════════════════════════════════════════════════════════════════════════════════════════════════════════════════════════════════════════════════╕
│       matrix       │[-0.9403771820302098, -0.33677144289058686, 0.04770482963301034, 0, 0.14212405695663877, -0.26162828559882034, 0.9546472608292598, 0, -0.30901700268934784, 0.9045085048953463, 0.2938925936815643, 0, -0.26564829780299176, 0.7896058379686811, 0.47647955807106646, 1]│
╘════════════════════╧════════════════════════════════════════════════════════════════════════════════════════════════════════════════════════════════════════════════════════════════════════════════════════════════════════════════════════════════════════════════════════════════════════╛

╒════════════════════╤═════════════════════════════════════════════════════════════════════════════════════════════════════════════════════════════════════════════════════════════════════════════════════════════════════════════════════════════════════════════════════════════════════╕
│       matrix       │[-0.9403771820302098, -0.33677144289058686, 0.04770482963301034, 0, 0.14212405695663877, -0.26162828559882034, 0.9546472608292598, 0, -0.30901700268934784, 0.9045085048953463, 0.2938925936815643, 0, -0.278901853444441, 0.7834633890925572, 0.4814484590962623, 1]│
╘════════════════════╧═════════════════════════════════════════════════════════════════════════════════════════════════════════════════════════════════════════════════════════════════════════════════════════════════════════════════════════════════════════════════════════════════════╛

╒════════════════════╤═══════════════════════════════════════════════════════════════════════════════════════════════════════════════════════════════════════════════════════════════════════════════════════════════════════════════════════════════════════════════════════════════════════╕
│       matrix       │[-0.9403771820302098, -0.33677144289058686, 0.04770482963301034, 0, 0.14212405695663877, -0.26162828559882034, 0.9546472608292598, 0, -0.30901700268934784, 0.9045085048953463, 0.2938925936815643, 0, -0.29236806843652846, 0.7776080798197348, 0.4853100318818119, 1]│
╘════════════════════╧═══════════════════════════════════════════════════════════════════════════════════════════════════════════════════════════════════════════════════════════════════════════════════════════════════════════════════════════════════════════════════════════════════════╛

╒════════════════════╤═══════════════════════════════════════════════════════════════════════════════════════════════════════════════════════════════════════════════════════════════════════════════════════════════════════════════════════════════════════════════════════════════════════╕
│       matrix       │[-0.9403771820302098, -0.33677144289058686, 0.04770482963301034, 0, 0.14212405695663877, -0.26162828559882034, 0.9546472608292598, 0, -0.30901700268934784, 0.9045085048953463, 0.2938925936815643, 0, -0.30598091209036166, 0.7720523346497974, 0.4880954665298872, 1]│
╘════════════════════╧═══════════════════════════════════════════════════════════════════════════════════════════════════════════════════════════════════════════════════════════════════════════════════════════════════════════════════════════════════════════════════════════════════════╛

╒════════════════════╤══════════════════════════════════════════════════════════════════════════════════════════════════════════════════════════════════════════════════════════════════════════════════════════════════════════════════════════════════════════════════════════════════════╕
│       matrix       │[-0.9403771820302098, -0.33677144289058686, 0.04770482963301034, 0, 0.14212405695663877, -0.26162828559882034, 0.9546472608292598, 0, -0.30901700268934784, 0.9045085048953463, 0.2938925936815643, 0, -0.31948486447086305, 0.7665410307576155, 0.490858620048955, 1]│
╘════════════════════╧══════════════════════════════════════════════════════════════════════════════════════════════════════════════════════════════════════════════════════════════════════════════════════════════════════════════════════════════════════════════════════════════════════╛

╒════════════════════╤═════════════════════════════════════════════════════════════════════════════════════════════════════════════════════════════════════════════════════════════════════════════════════════════════════════════════════════════════════════════════════════════════════╕
│       matrix       │[-0.9403771820302098, -0.33677144289058686, 0.04770482963301034, 0, 0.14212405695663877, -0.26162828559882034, 0.9546472608292598, 0, -0.30901700268934784, 0.9045085048953463, 0.2938925936815643, 0, -0.3271682459813952, 0.7636085708099367, 0.491805018304701, 1]│
╘════════════════════╧═════════════════════════════════════════════════════════════════════════════════════════════════════════════════════════════════════════════════════════════════════════════════════════════════════════════════════════════════════════════════════════════════════╛

╒════════════════════╤════════════════════════════════════════════════════════════════════════════════════════════════════════════════════════════════════════════════════════════════════════════════════════════════════════════════════════════════════════════════════════════════════════╕
│       matrix       │[-0.9403771820302098, -0.33677144289058686, 0.04770482963301034, 0, 0.14212405695663877, -0.26162828559882034, 0.9546472608292598, 0, -0.30901700268934784, 0.9045085048953463, 0.2938925936815643, 0, -0.33243059441119566, 0.7619165697434088, 0.49147930140684315, 1]│
╘════════════════════╧════════════════════════════════════════════════════════════════════════════════════════════════════════════════════════════════════════════════════════════════════════════════════════════════════════════════════════════════════════════════════════════════════════╛

╒════════════════════╤═══════════════════════════════════════════════════════════════════════════════════════════════════════════════════════════════════════════════════════════════════════════════════════════════════════════════════════════════════════════════════════════════════════╕
│       matrix       │[-0.9403771820302098, -0.33677144289058686, 0.04770482963301034, 0, 0.14212405695663877, -0.26162828559882034, 0.9546472608292598, 0, -0.30901700268934784, 0.9045085048953463, 0.2938925936815643, 0, -0.3380871774035606, 0.7602974162902338, 0.49051485977500053, 1]│
╘════════════════════╧═══════════════════════════════════════════════════════════════════════════════════════════════════════════════════════════════════════════════════════════════════════════════════════════════════════════════════════════════════════════════════════════════════════╛

╒════════════════════╤═════════════════════════════════════════════════════════════════════════════════════════════════════════════════════════════════════════════════════════════════════════════════════════════════════════════════════════════════════════════════════════════════════╕
│       matrix       │[-0.9403771820302098, -0.33677144289058686, 0.04770482963301034, 0, 0.14212405695663877, -0.26162828559882034, 0.9546472608292598, 0, -0.30901700268934784, 0.9045085048953463, 0.2938925936815643, 0, -0.3433235964138877, 0.758960402360725, 0.4891238684884506, 1]│
╘════════════════════╧═════════════════════════════════════════════════════════════════════════════════════════════════════════════════════════════════════════════════════════════════════════════════════════════════════════════════════════════════════════════════════════════════════╛

╒════════════════════╤═══════════════════════════════════════════════════════════════════════════════════════════════════════════════════════════════════════════════════════════════════════════════════════════════════════════════════════════════════════════════════════════════════════╕
│       matrix       │[-0.9403771820302098, -0.33677144289058686, 0.04770482963301034, 0, 0.14212405695663877, -0.26162828559882034, 0.9546472608292598, 0, -0.30901700268934784, 0.9045085048953463, 0.2938925936815643, 0, -0.3485279880121029, 0.7577040299930404, 0.48751836358373335, 1]│
╘════════════════════╧═══════════════════════════════════════════════════════════════════════════════════════════════════════════════════════════════════════════════════════════════════════════════════════════════════════════════════════════════════════════════════════════════════════╛

╒════════════════════╤═══════════════════════════════════════════════════════════════════════════════════════════════════════════════════════════════════════════════════════════════════════════════════════════════════════════════════════════════════════════════════════════════════════╕
│       matrix       │[-0.9403771820302098, -0.33677144289058686, 0.04770482963301034, 0, 0.14212405695663877, -0.26162828559882034, 0.9546472608292598, 0, -0.30901700268934784, 0.9045085048953463, 0.2938925936815643, 0, -0.3537513059890827, 0.7566988149314184, 0.48511997550588515, 1]│
╘════════════════════╧═══════════════════════════════════════════════════════════════════════════════════════════════════════════════════════════════════════════════════════════════════════════════════════════════════════════════════════════════════════════════════════════════════════╛

╒════════════════════╤══════════════════════════════════════════════════════════════════════════════════════════════════════════════════════════════════════════════════════════════════════════════════════════════════════════════════════════════════════════════════════════════════════╕
│       matrix       │[-0.9403771820302098, -0.33677144289058686, 0.04770482963301034, 0, 0.14212405695663877, -0.26162828559882034, 0.9546472608292598, 0, -0.30901700268934784, 0.9045085048953463, 0.2938925936815643, 0, -0.3590883960446583, 0.7557397562690844, 0.4824599055616613, 1]│
╘════════════════════╧══════════════════════════════════════════════════════════════════════════════════════════════════════════════════════════════════════════════════════════════════════════════════════════════════════════════════════════════════════════════════════════════════════╛

╒════════════════════╤══════════════════════════════════════════════════════════════════════════════════════════════════════════════════════════════════════════════════════════════════════════════════════════════════════════════════════════════════════════════════════════════════════╕
│       matrix       │[-0.9403771820302098, -0.33677144289058686, 0.04770482963301034, 0, 0.14212405695663877, -0.26162828559882034, 0.9546472608292598, 0, -0.30901700268934784, 0.9045085048953463, 0.2938925936815643, 0, -0.3635160300548595, 0.7551279985094919, 0.4796872120271195, 1]│
╘════════════════════╧══════════════════════════════════════════════════════════════════════════════════════════════════════════════════════════════════════════════════════════════════════════════════════════════════════════════════════════════════════════════════════════════════════╛

╒════════════════════╤═══════════════════════════════════════════════════════════════════════════════════════════════════════════════════════════════════════════════════════════════════════════════════════════════════════════════════════════════════════════════════════════════════════╕
│       matrix       │[-0.9403771820302098, -0.33677144289058686, 0.04770482963301034, 0, 0.14212405695663877, -0.26162828559882034, 0.9546472608292598, 0, -0.30901700268934784, 0.9045085048953463, 0.2938925936815643, 0, -0.3677916754912521, 0.7545973295376908, 0.47682476310147626, 1]│
╘════════════════════╧═══════════════════════════════════════════════════════════════════════════════════════════════════════════════════════════════════════════════════════════════════════════════════════════════════════════════════════════════════════════════════════════════════════╛

╒════════════════════╤══════════════════════════════════════════════════════════════════════════════════════════════════════════════════════════════════════════════════════════════════════════════════════════════════════════════════════════════════════════════════════════════════════╕
│       matrix       │[-0.9403771820302098, -0.33677144289058686, 0.04770482963301034, 0, 0.14212405695663877, -0.26162828559882034, 0.9546472608292598, 0, -0.30901700268934784, 0.9045085048953463, 0.2938925936815643, 0, -0.3716644927750797, 0.7545477153085187, 0.4729053383812668, 1]│
╘════════════════════╧══════════════════════════════════════════════════════════════════════════════════════════════════════════════════════════════════════════════════════════════════════════════════════════════════════════════════════════════════════════════════════════════════════╛

╒════════════════════╤═══════════════════════════════════════════════════════════════════════════════════════════════════════════════════════════════════════════════════════════════════════════════════════════════════════════════════════════════════════════════════════════════════════╕
│       matrix       │[-0.9403771820302098, -0.33677144289058686, 0.04770482963301034, 0, 0.14212405695663877, -0.26162828559882034, 0.9546472608292598, 0, -0.30901700268934784, 0.9045085048953463, 0.2938925936815643, 0, -0.37539381308753667, 0.7546201063443155, 0.4687613016863511, 1]│
╘════════════════════╧═══════════════════════════════════════════════════════════════════════════════════════════════════════════════════════════════════════════════════════════════════════════════════════════════════════════════════════════════════════════════════════════════════════╛

╒════════════════════╤════════════════════════════════════════════════════════════════════════════════════════════════════════════════════════════════════════════════════════════════════════════════════════════════════════════════════════════════════════════════════════════════════╕
│       matrix       │[-0.9403771820302098, -0.33677144289058686, 0.04770482963301034, 0, 0.14212405695663877, -0.26162828559882034, 0.9546472608292598, 0, -0.30901700268934784, 0.9045085048953463, 0.2938925936815643, 0, -0.3790192130186472, 0.754811049410593, 0.464361667685837, 1]│
╘════════════════════╧════════════════════════════════════════════════════════════════════════════════════════════════════════════════════════════════════════════════════════════════════════════════════════════════════════════════════════════════════════════════════════════════════╛

╒════════════════════╤════════════════════════════════════════════════════════════════════════════════════════════════════════════════════════════════════════════════════════════════════════════════════════════════════════════════════════════════════════════════════════════════════════╕
│       matrix       │[-0.9403771820302098, -0.33677144289058686, 0.04770482963301034, 0, 0.14212405695663877, -0.26162828559882034, 0.9546472608292598, 0, -0.30901700268934784, 0.9045085048953463, 0.2938925936815643, 0, -0.38297334163039715, 0.7552048934987523, 0.45899192263910094, 1]│
╘════════════════════╧════════════════════════════════════════════════════════════════════════════════════════════════════════════════════════════════════════════════════════════════════════════════════════════════════════════════════════════════════════════════════════════════════════╛

╒════════════════════╤═══════════════════════════════════════════════════════════════════════════════════════════════════════════════════════════════════════════════════════════════════════════════════════════════════════════════════════════════════════════════════════════════════════╕
│       matrix       │[-0.9403771820302098, -0.33677144289058686, 0.04770482963301034, 0, 0.14212405695663877, -0.26162828559882034, 0.9546472608292598, 0, -0.30901700268934784, 0.9045085048953463, 0.2938925936815643, 0, -0.38699876354124024, 0.7556656680332059, 0.4533412246140237, 1]│
╘════════════════════╧═══════════════════════════════════════════════════════════════════════════════════════════════════════════════════════════════════════════════════════════════════════════════════════════════════════════════════════════════════════════════════════════════════════╛

╒════════════════════╤═══════════════════════════════════════════════════════════════════════════════════════════════════════════════════════════════════════════════════════════════════════════════════════════════════════════════════════════════════════════════════════════════════════╕
│       matrix       │[-0.9403771820302098, -0.33677144289058686, 0.04770482963301034, 0, 0.14212405695663877, -0.26162828559882034, 0.9546472608292598, 0, -0.30901700268934784, 0.9045085048953463, 0.2938925936815643, 0, -0.39043965503292927, 0.7564255045701216, 0.4473847200169453, 1]│
╘════════════════════╧═══════════════════════════════════════════════════════════════════════════════════════════════════════════════════════════════════════════════════════════════════════════════════════════════════════════════════════════════════════════════════════════════════════╛

╒════════════════════╤═══════════════════════════════════════════════════════════════════════════════════════════════════════════════════════════════════════════════════════════════════════════════════════════════════════════════════════════════════════════════════════════════════════╕
│       matrix       │[-0.9403771820302098, -0.33677144289058686, 0.04770482963301034, 0, 0.14212405695663877, -0.26162828559882034, 0.9546472608292598, 0, -0.30901700268934784, 0.9045085048953463, 0.2938925936815643, 0, -0.3938412418169422, 0.7572738471739414, 0.44119714914343844, 1]│
╘════════════════════╧═══════════════════════════════════════════════════════════════════════════════════════════════════════════════════════════════════════════════════════════════════════════════════════════════════════════════════════════════════════════════════════════════════════╛

╒════════════════════╤═══════════════════════════════════════════════════════════════════════════════════════════════════════════════════════════════════════════════════════════════════════════════════════════════════════════════════════════════════════════════════════════════════════╕
│       matrix       │[-0.9403771820302098, -0.33677144289058686, 0.04770482963301034, 0, 0.14212405695663877, -0.26162828559882034, 0.9546472608292598, 0, -0.30901700268934784, 0.9045085048953463, 0.2938925936815643, 0, -0.3975133813896459, 0.7584791194027778, 0.43362658563233036, 1]│
╘════════════════════╧═══════════════════════════════════════════════════════════════════════════════════════════════════════════════════════════════════════════════════════════════════════════════════════════════════════════════════════════════════════════════════════════════════════╛

╒════════════════════╤═══════════════════════════════════════════════════════════════════════════════════════════════════════════════════════════════════════════════════════════════════════════════════════════════════════════════════════════════════════════════════════════════════════╕
│       matrix       │[-0.9403771820302098, -0.33677144289058686, 0.04770482963301034, 0, 0.14212405695663877, -0.26162828559882034, 0.9546472608292598, 0, -0.30901700268934784, 0.9045085048953463, 0.2938925936815643, 0, -0.40112521635399073, 0.7597402471379251, 0.4259475245548817, 1]│
╘════════════════════╧═══════════════════════════════════════════════════════════════════════════════════════════════════════════════════════════════════════════════════════════════════════════════════════════════════════════════════════════════════════════════════════════════════════╛

╒════════════════════╤═════════════════════════════════════════════════════════════════════════════════════════════════════════════════════════════════════════════════════════════════════════════════════════════════════════════════════════════════════════════════════════════════════╕
